      Date : 30.Aug.2019                                Time : 10:00:23 AM

                            Input Data : PV
                            Controller : ON/OFF Control
                            Set Point  : 15.00
                            Diff. Gap  : 10.00

     TIME (Sec)        PV (CM)     PV (Volts)      CP (in %)     Error(in%)     

          15.02          12.25           2.45           0.00          10.98
          15.15           0.00            0.0         100.00           60.0
          15.27           0.00            0.0         100.00           60.0
          15.39           0.00            0.0         100.00           60.0
          15.52           0.00            0.0         100.00           60.0
          15.64           0.00            0.0         100.00           60.0
          15.77           0.00            0.0         100.00           60.0
          15.89           0.00            0.0         100.00           60.0
          16.02           0.00            0.0         100.00           60.0
          16.14           0.00            0.0         100.00           60.0
          16.27           0.00            0.0         100.00           60.0
          16.39           0.00            0.0         100.00           60.0
          16.52           0.00            0.0         100.00           60.0
          16.64           0.00            0.0         100.00           60.0
          16.77           0.00            0.0         100.00           60.0
          16.89           0.00            0.0         100.00           60.0
          17.02           0.00            0.0         100.00           60.0
          17.14           0.00            0.0         100.00           60.0
          17.27           0.00            0.0         100.00           60.0
          17.39           0.00            0.0         100.00           60.0
          17.52           0.00            0.0         100.00           60.0
          17.64           0.00            0.0         100.00           60.0
          17.77           0.00            0.0         100.00           60.0
          17.89           0.00            0.0         100.00           60.0
          18.02           0.00            0.0         100.00           60.0
          18.14           0.00            0.0         100.00           60.0
          18.27           0.00            0.0         100.00           60.0
          18.39           0.00            0.0         100.00           60.0
          18.52           0.00            0.0         100.00           60.0
          18.64           0.00            0.0         100.00           60.0
          18.77           0.00            0.0         100.00           60.0
          18.89           0.00            0.0         100.00           60.0
          19.02           0.00            0.0         100.00           60.0
          19.14           0.00            0.0         100.00           60.0
          19.27           0.00            0.0         100.00           60.0
          19.39           0.00            0.0         100.00           60.0
          19.52           0.00            0.0         100.00           60.0
          19.64           0.00            0.0         100.00           60.0
          19.77           0.00            0.0         100.00           60.0
          19.89           0.00            0.0         100.00           60.0
          20.02           0.00            0.0         100.00           60.0
          20.14           0.00            0.0         100.00           60.0
          20.26           0.00            0.0         100.00           60.0
          20.39           0.00            0.0         100.00           60.0
          20.51           0.00            0.0         100.00           60.0
          20.64           0.00            0.0         100.00           60.0
          20.76           0.00            0.0         100.00           60.0
          20.89           0.00            0.0         100.00           60.0
          21.01           0.00            0.0         100.00           60.0
          21.14           0.00            0.0         100.00           60.0
          21.26           0.00            0.0         100.00           60.0
          21.39           0.00            0.0         100.00           60.0
          21.51           0.00            0.0         100.00           60.0
          21.64           0.00            0.0         100.00           60.0
          21.78           0.00            0.0         100.00           60.0
          21.92           0.00            0.0         100.00           60.0
          22.04           0.00            0.0         100.00           60.0
          22.18           0.00            0.0         100.00           60.0
          22.32           0.00            0.0         100.00           60.0
          22.45           0.00            0.0         100.00           60.0
          22.59           0.00            0.0         100.00           60.0
          22.71           0.00            0.0         100.00           60.0
          22.85           0.00            0.0         100.00           60.0
          22.99           0.00            0.0         100.00           60.0
          23.12           0.00            0.0         100.00           60.0
          23.24           0.00            0.0         100.00           60.0
          23.38           0.00            0.0         100.00           60.0
          23.51           0.00            0.0         100.00           60.0
          23.65           0.00            0.0         100.00           60.0
          23.79           0.00            0.0         100.00           60.0
          23.93           0.00            0.0         100.00           60.0
          24.05           0.00            0.0         100.00           60.0
          24.18           0.00            0.0         100.00           60.0
          24.32           0.00            0.0         100.00           60.0
          24.46           0.00            0.0         100.00           60.0
          24.60           0.00            0.0         100.00           60.0
          24.74           0.10           0.02         100.00          59.61
          24.88           0.20           0.04         100.00          59.22
          25.02           0.20           0.04         100.00          59.22
          25.16           0.29           0.06         100.00          58.82
          25.30           0.29           0.06         100.00          58.82
          25.43           0.39           0.08         100.00          58.43
          25.55           0.39           0.08         100.00          58.43
          25.68           0.49            0.1         100.00          58.04
          25.80           0.59           0.12         100.00          57.65
          25.93           0.59           0.12         100.00          57.65
          26.05           0.69           0.14         100.00          57.25
          26.18           0.78           0.16         100.00          56.86
          26.30           0.88           0.18         100.00          56.47
          26.43           0.98            0.2         100.00          56.08
          26.55           1.08           0.22         100.00          55.69
          26.68           1.08           0.22         100.00          55.69
          26.80           1.18           0.24         100.00          55.29
          26.93           1.18           0.24         100.00          55.29
          27.05           1.27           0.25         100.00           54.9
          27.18           1.37           0.27         100.00          54.51
          27.30           1.37           0.27         100.00          54.51
          27.43           1.37           0.27         100.00          54.51
          27.55           1.47           0.29         100.00          54.12
          27.67           1.57           0.31         100.00          53.73
          27.80           1.57           0.31         100.00          53.73
          27.92           1.67           0.33         100.00          53.33
          28.06           1.76           0.35         100.00          52.94
          28.19           1.76           0.35         100.00          52.94
          28.31           1.86           0.37         100.00          52.55
          28.44           1.96           0.39         100.00          52.16
          28.58           2.06           0.41         100.00          51.76
          28.72           2.16           0.43         100.00          51.37
          28.86           2.25           0.45         100.00          50.98
          28.98           2.25           0.45         100.00          50.98
          29.11           2.35           0.47         100.00          50.59
          29.23           2.35           0.47         100.00          50.59
          29.36           2.45           0.49         100.00           50.2
          29.48           2.45           0.49         100.00           50.2
          29.61           2.55           0.51         100.00           49.8
          29.73           2.55           0.51         100.00           49.8
          29.86           2.65           0.53         100.00          49.41
          30.00           2.65           0.53         100.00          49.41
          30.13           2.75           0.55         100.00          49.02
          30.25           2.75           0.55         100.00          49.02
          30.37           2.84           0.57         100.00          48.63
          30.50           2.94           0.59         100.00          48.24
          30.62           2.94           0.59         100.00          48.24
          30.75           3.04           0.61         100.00          47.84
          30.87           3.04           0.61         100.00          47.84
          31.00           3.14           0.63         100.00          47.45
          31.12           3.14           0.63         100.00          47.45
          31.25           3.24           0.65         100.00          47.06
          31.37           3.33           0.67         100.00          46.67
          31.50           3.33           0.67         100.00          46.67
          31.64           3.43           0.69         100.00          46.27
          31.78           3.53           0.71         100.00          45.88
          31.90           3.53           0.71         100.00          45.88
          32.04           3.63           0.73         100.00          45.49
          32.18           3.73           0.75         100.00           45.1
          32.31           3.82           0.76         100.00          44.71
          32.43           3.82           0.76         100.00          44.71
          32.57           3.92           0.78         100.00          44.31
          32.70           4.02            0.8         100.00          43.92
          32.84           4.02            0.8         100.00          43.92
          32.96           4.12           0.82         100.00          43.53
          33.10           4.22           0.84         100.00          43.14
          33.23           4.31           0.86         100.00          42.75
          33.35           4.31           0.86         100.00          42.75
          33.48           4.41           0.88         100.00          42.35
          33.60           4.41           0.88         100.00          42.35
          33.73           4.51            0.9         100.00          41.96
          33.85           4.61           0.92         100.00          41.57
          33.98           4.71           0.94         100.00          41.18
          34.10           4.71           0.94         100.00          41.18
          34.23           4.71           0.94         100.00          41.18
          34.35           4.80           0.96         100.00          40.78
          34.48           4.90           0.98         100.00          40.39
          34.60           5.00            1.0         100.00           40.0
          34.73           5.00            1.0         100.00           40.0
          34.85           5.10           1.02         100.00          39.61
          34.97           5.10           1.02         100.00          39.61
          35.10           5.20           1.04         100.00          39.22
          35.22           5.29           1.06         100.00          38.82
          35.35           5.29           1.06         100.00          38.82
          35.47           5.39           1.08         100.00          38.43
          35.60           5.39           1.08         100.00          38.43
          35.72           5.49            1.1         100.00          38.04
          35.85           5.59           1.12         100.00          37.65
          35.97           5.59           1.12         100.00          37.65
          36.10           5.69           1.14         100.00          37.25
          36.22           5.69           1.14         100.00          37.25
          36.35           5.78           1.16         100.00          36.86
          36.47           5.78           1.16         100.00          36.86
          36.60           5.88           1.18         100.00          36.47
          36.72           5.98            1.2         100.00          36.08
          36.85           5.98            1.2         100.00          36.08
          36.97           6.08           1.22         100.00          35.69
          37.10           6.08           1.22         100.00          35.69
          37.22           6.18           1.24         100.00          35.29
          37.36           6.27           1.25         100.00           34.9
          37.48           6.27           1.25         100.00           34.9
          37.61           6.37           1.27         100.00          34.51
          37.73           6.47           1.29         100.00          34.12
          37.86           6.47           1.29         100.00          34.12
          37.98           6.57           1.31         100.00          33.73
          38.13           6.57           1.31         100.00          33.73
          38.25           6.67           1.33         100.00          33.33
          38.38           6.76           1.35         100.00          32.94
          38.52           6.76           1.35         100.00          32.94
          38.64           6.86           1.37         100.00          32.55
          38.77           6.96           1.39         100.00          32.16
          38.89           6.96           1.39         100.00          32.16
          39.02           7.06           1.41         100.00          31.76
          39.14           7.06           1.41         100.00          31.76
          39.27           7.16           1.43         100.00          31.37
          39.41           7.25           1.45         100.00          30.98
          39.55           7.35           1.47         100.00          30.59
          39.67           7.35           1.47         100.00          30.59
          39.80           7.45           1.49         100.00           30.2
          39.93           7.45           1.49         100.00           30.2
          40.06           7.55           1.51         100.00           29.8
          40.18           7.65           1.53         100.00          29.41
          40.32           7.65           1.53         100.00          29.41
          40.45           7.75           1.55         100.00          29.02
          40.57           7.75           1.55         100.00          29.02
          40.70           7.84           1.57         100.00          28.63
          40.84           7.84           1.57         100.00          28.63
          40.98           7.94           1.59         100.00          28.24
          41.14           8.04           1.61         100.00          27.84
          41.28           8.14           1.63         100.00          27.45
          41.40           8.14           1.63         100.00          27.45
          41.53           8.24           1.65         100.00          27.06
          41.67           8.24           1.65         100.00          27.06
          41.81           8.33           1.67         100.00          26.67
          41.93           8.33           1.67         100.00          26.67
          42.07           8.43           1.69         100.00          26.27
          42.20           8.53           1.71         100.00          25.88
          42.32           8.53           1.71         100.00          25.88
          42.45           8.63           1.73         100.00          25.49
          42.57           8.63           1.73         100.00          25.49
          42.70           8.73           1.75         100.00           25.1
          42.82           8.82           1.76         100.00          24.71
          42.95           8.82           1.76         100.00          24.71
          43.07           8.92           1.78         100.00          24.31
          43.20           9.02            1.8         100.00          23.92
          43.32           9.02            1.8         100.00          23.92
          43.45           9.12           1.82         100.00          23.53
          43.57           9.12           1.82         100.00          23.53
          43.70           9.22           1.84         100.00          23.14
          43.82           9.31           1.86         100.00          22.75
          43.95           9.31           1.86         100.00          22.75
          44.07           9.41           1.88         100.00          22.35
          44.20           9.51            1.9         100.00          21.96
          44.32           9.51            1.9         100.00          21.96
          44.45           9.61           1.92         100.00          21.57
          44.57           9.61           1.92         100.00          21.57
          44.69           9.71           1.94         100.00          21.18
          44.82           9.71           1.94         100.00          21.18
          44.94           9.80           1.96         100.00          20.78
          45.07           9.90           1.98         100.00          20.39
          45.19           9.90           1.98         100.00          20.39
          45.32          10.00            2.0         100.00           20.0
          45.44          10.00            2.0         100.00           20.0
          45.57          10.10           2.02         100.00          19.61
          45.69          10.20           2.04         100.00          19.22
          45.82          10.20           2.04         100.00          19.22
          45.94          10.20           2.04         100.00          19.22
          46.07          10.29           2.06         100.00          18.82
          46.19          10.29           2.06         100.00          18.82
          46.32          10.39           2.08         100.00          18.43
          46.44          10.49            2.1         100.00          18.04
          46.57          10.49            2.1         100.00          18.04
          46.69          10.59           2.12         100.00          17.65
          46.83          10.59           2.12         100.00          17.65
          46.96          10.69           2.14         100.00          17.25
          47.08          10.78           2.16         100.00          16.86
          47.21          10.78           2.16         100.00          16.86
          47.33          10.88           2.18         100.00          16.47
          47.45          10.88           2.18         100.00          16.47
          47.58          10.98            2.2         100.00          16.08
          47.70          11.08           2.22         100.00          15.69
          47.84          11.08           2.22         100.00          15.69
          47.98          11.18           2.24         100.00          15.29
          48.13          11.18           2.24         100.00          15.29
          48.25          11.27           2.25         100.00           14.9
          48.39          11.37           2.27         100.00          14.51
          48.53          11.37           2.27         100.00          14.51
          48.66          11.47           2.29         100.00          14.12
          48.83          11.47           2.29         100.00          14.12
          48.95          11.57           2.31         100.00          13.73
          49.08          11.67           2.33         100.00          13.33
          49.22          11.76           2.35         100.00          12.94
          49.42          11.76           2.35         100.00          12.94
          49.55          11.86           2.37         100.00          12.55
          49.70          11.96           2.39         100.00          12.16
          49.84          11.96           2.39         100.00          12.16
          49.96          12.06           2.41         100.00          11.76
          50.09          12.16           2.43         100.00          11.37
          50.21          12.16           2.43         100.00          11.37
          50.34          12.25           2.45         100.00          10.98
          50.48          12.25           2.45         100.00          10.98
          50.62          12.35           2.47         100.00          10.59
          50.76          12.45           2.49         100.00           10.2
          50.90          12.45           2.49         100.00           10.2
          51.03          12.55           2.51         100.00            9.8
          51.17          12.55           2.51         100.00            9.8
          51.31          12.65           2.53         100.00           9.41
          51.45          12.65           2.53         100.00           9.41
          51.59          12.75           2.55         100.00           9.02
          51.71          12.84           2.57         100.00           8.63
          51.84          12.84           2.57         100.00           8.63
          51.96          12.94           2.59         100.00           8.24
          52.10          12.94           2.59         100.00           8.24
          52.23          13.04           2.61         100.00           7.84
          52.37          13.04           2.61         100.00           7.84
          52.51          13.14           2.63         100.00           7.45
          52.65          13.24           2.65         100.00           7.06
          52.77          13.33           2.67         100.00           6.67
          52.90          13.33           2.67         100.00           6.67
          53.02          13.43           2.69         100.00           6.27
          53.15          13.43           2.69         100.00           6.27
          53.27          13.53           2.71         100.00           5.88
          53.40          13.53           2.71         100.00           5.88
          53.54          13.63           2.73         100.00           5.49
          53.68          13.63           2.73         100.00           5.49
          53.80          13.73           2.75         100.00            5.1
          53.93          13.82           2.76         100.00           4.71
          54.05          13.82           2.76         100.00           4.71
          54.18          13.92           2.78         100.00           4.31
          54.30          14.02            2.8         100.00           3.92
          54.43          14.02            2.8         100.00           3.92
          54.55          14.12           2.82         100.00           3.53
          54.68          14.12           2.82         100.00           3.53
          54.80          14.22           2.84         100.00           3.14
          54.93          14.22           2.84         100.00           3.14
          55.05          14.31           2.86         100.00           2.75
          55.18          14.41           2.88         100.00           2.35
          55.30          14.41           2.88         100.00           2.35
          55.43          14.41           2.88         100.00           2.35
          55.55          14.51            2.9         100.00           1.96
          55.75          14.61           2.92         100.00           1.57
          55.88          14.71           2.94         100.00           1.18
          56.00          14.71           2.94         100.00           1.18
          56.13          14.71           2.94         100.00           1.18
          56.25          14.80           2.96         100.00           0.78
          56.38          14.80           2.96         100.00           0.78
          56.50          14.90           2.98         100.00           0.39
          56.63          14.90           2.98         100.00           0.39
          56.75          15.00            3.0         100.00            0.0
          56.88          15.10           3.02         100.00          -0.39
          57.00          15.10           3.02         100.00          -0.39
          57.13          15.20           3.04         100.00          -0.78
          57.25          15.20           3.04         100.00          -0.78
          57.38          15.29           3.06         100.00          -1.18
          57.52          15.29           3.06         100.00          -1.18
          57.64          15.39           3.08         100.00          -1.57
          57.77          15.39           3.08         100.00          -1.57
          57.89          15.49            3.1         100.00          -1.96
          58.05          15.49            3.1         100.00          -1.96
          58.17          15.59           3.12         100.00          -2.35
          58.31          15.69           3.14         100.00          -2.75
          58.45          15.69           3.14         100.00          -2.75
          58.58          15.69           3.14         100.00          -2.75
          58.70          15.78           3.16         100.00          -3.14
          58.83          15.88           3.18         100.00          -3.53
          58.97          15.88           3.18         100.00          -3.53
          59.09          15.98            3.2         100.00          -3.92
          59.23          15.98            3.2         100.00          -3.92
          59.36          16.08           3.22         100.00          -4.31
          59.50          16.18           3.24         100.00          -4.71
          59.64          16.27           3.25         100.00           -5.1
          59.84          16.27           3.25         100.00           -5.1
          59.96          16.37           3.27         100.00          -5.49
          60.11          16.37           3.27         100.00          -5.49
          60.25          16.47           3.29         100.00          -5.88
          60.39          16.57           3.31         100.00          -6.27
          60.53          16.57           3.31         100.00          -6.27
          60.65          16.57           3.31         100.00          -6.27
          60.78          16.67           3.33         100.00          -6.67
          60.90          16.67           3.33         100.00          -6.67
          61.03          16.76           3.35         100.00          -7.06
          61.17          16.86           3.37         100.00          -7.45
          61.29          16.96           3.39         100.00          -7.84
          61.43          16.96           3.39         100.00          -7.84
          61.56          16.96           3.39         100.00          -7.84
          61.68          17.06           3.41         100.00          -8.24
          61.80          17.06           3.41         100.00          -8.24
          61.95          17.16           3.43         100.00          -8.63
          62.09          17.25           3.45         100.00          -9.02
          62.21          17.25           3.45         100.00          -9.02
          62.34          17.25           3.45         100.00          -9.02
          62.49          17.35           3.47         100.00          -9.41
          62.62          17.45           3.49         100.00           -9.8
          62.76          17.55           3.51         100.00          -10.2
          62.90          17.55           3.51         100.00          -10.2
          63.04          17.65           3.53         100.00         -10.59
          63.16          17.65           3.53         100.00         -10.59
          63.30          17.65           3.53         100.00         -10.59
          63.45          17.75           3.55         100.00         -10.98
          63.57          17.84           3.57         100.00         -11.37
          63.71          17.94           3.59         100.00         -11.76
          63.84          17.94           3.59         100.00         -11.76
          63.96          18.04           3.61         100.00         -12.16
          64.09          18.04           3.61         100.00         -12.16
          64.21          18.04           3.61         100.00         -12.16
          64.35          18.14           3.63         100.00         -12.55
          64.49          18.14           3.63         100.00         -12.55
          64.61          18.24           3.65         100.00         -12.94
          64.77          18.33           3.67         100.00         -13.33
          64.89          18.43           3.69         100.00         -13.73
          65.02          18.43           3.69         100.00         -13.73
          65.16          18.53           3.71         100.00         -14.12
          65.30          18.53           3.71         100.00         -14.12
          65.43          18.63           3.73         100.00         -14.51
          65.57          18.63           3.73         100.00         -14.51
          65.71          18.73           3.75         100.00          -14.9
          65.85          18.82           3.76         100.00         -15.29
          65.99          18.82           3.76         100.00         -15.29
          66.11          18.92           3.78         100.00         -15.69
          66.24          18.92           3.78         100.00         -15.69
          66.36          19.02            3.8         100.00         -16.08
          66.48          19.02            3.8         100.00         -16.08
          66.61          19.12           3.82         100.00         -16.47
          66.73          19.22           3.84         100.00         -16.86
          66.86          19.31           3.86         100.00         -17.25
          66.98          19.31           3.86         100.00         -17.25
          67.11          19.41           3.88         100.00         -17.65
          67.23          19.41           3.88         100.00         -17.65
          67.36          19.41           3.88         100.00         -17.65
          67.48          19.51            3.9         100.00         -18.04
          67.61          19.61           3.92         100.00         -18.43
          67.73          19.61           3.92         100.00         -18.43
          67.86          19.71           3.94         100.00         -18.82
          67.98          19.80           3.96         100.00         -19.22
          68.11          19.80           3.96         100.00         -19.22
          68.23          19.80           3.96         100.00         -19.22
          68.36          19.80           3.96         100.00         -19.22
          68.48          19.90           3.98         100.00         -19.61
          68.61          20.00            4.0           0.00          -20.0
          68.75          20.10           4.02           0.00         -20.39
          68.88          20.10           4.02           0.00         -20.39
          69.00          20.10           4.02           0.00         -20.39
          69.13          20.10           4.02           0.00         -20.39
          69.25          20.20           4.04           0.00         -20.78
          69.37          20.20           4.04           0.00         -20.78
          69.50          20.20           4.04           0.00         -20.78
          69.62          20.20           4.04           0.00         -20.78
          69.75          20.20           4.04           0.00         -20.78
          69.87          20.20           4.04           0.00         -20.78
          70.00          20.20           4.04           0.00         -20.78
          70.12          20.20           4.04           0.00         -20.78
          70.25          20.20           4.04           0.00         -20.78
          70.37          20.20           4.04           0.00         -20.78
          70.50          20.20           4.04           0.00         -20.78
          70.62          20.20           4.04           0.00         -20.78
          70.75          20.20           4.04           0.00         -20.78
          70.87          20.20           4.04           0.00         -20.78
          71.00          20.20           4.04           0.00         -20.78
          71.12          20.10           4.02           0.00         -20.39
          71.26          20.10           4.02           0.00         -20.39
          71.39          20.10           4.02           0.00         -20.39
          71.51          20.10           4.02           0.00         -20.39
          71.63          20.00            4.0           0.00          -20.0
          71.76          20.00            4.0           0.00          -20.0
          71.88          20.00            4.0           0.00          -20.0
          72.01          20.00            4.0           0.00          -20.0
          72.13          20.00            4.0           0.00          -20.0
          72.26          19.90           3.98           0.00         -19.61
          72.38          19.90           3.98           0.00         -19.61
          72.52          19.90           3.98           0.00         -19.61
          72.65          19.90           3.98           0.00         -19.61
          72.77          19.90           3.98           0.00         -19.61
          72.90          19.80           3.96           0.00         -19.22
          73.02          19.80           3.96           0.00         -19.22
          73.15          19.80           3.96           0.00         -19.22
          73.27          19.80           3.96           0.00         -19.22
          73.40          19.80           3.96           0.00         -19.22
          73.52          19.71           3.94           0.00         -18.82
          73.65          19.71           3.94           0.00         -18.82
          73.77          19.71           3.94           0.00         -18.82
          73.89          19.71           3.94           0.00         -18.82
          74.02          19.71           3.94           0.00         -18.82
          74.14          19.71           3.94           0.00         -18.82
          74.27          19.61           3.92           0.00         -18.43
          74.39          19.61           3.92           0.00         -18.43
          74.52          19.61           3.92           0.00         -18.43
          74.64          19.61           3.92           0.00         -18.43
          74.77          19.61           3.92           0.00         -18.43
          74.89          19.51            3.9           0.00         -18.04
          75.02          19.51            3.9           0.00         -18.04
          75.14          19.51            3.9           0.00         -18.04
          75.27          19.51            3.9           0.00         -18.04
          75.39          19.51            3.9           0.00         -18.04
          75.52          19.41           3.88           0.00         -17.65
          75.64          19.41           3.88           0.00         -17.65
          75.77          19.41           3.88           0.00         -17.65
          75.89          19.41           3.88           0.00         -17.65
          76.02          19.31           3.86           0.00         -17.25
          76.14          19.31           3.86           0.00         -17.25
          76.27          19.31           3.86           0.00         -17.25
          76.39          19.31           3.86           0.00         -17.25
          76.52          19.22           3.84           0.00         -16.86
          76.64          19.22           3.84           0.00         -16.86
          76.77          19.22           3.84           0.00         -16.86
          76.89          19.22           3.84           0.00         -16.86
          77.02          19.12           3.82           0.00         -16.47
          77.14          19.12           3.82           0.00         -16.47
          77.27          19.12           3.82           0.00         -16.47
          77.39          19.12           3.82           0.00         -16.47
          77.52          19.12           3.82           0.00         -16.47
          77.64          19.02            3.8           0.00         -16.08
          77.77          19.02            3.8           0.00         -16.08
          77.89          19.02            3.8           0.00         -16.08
          78.02          19.02            3.8           0.00         -16.08
          78.14          19.02            3.8           0.00         -16.08
          78.27          18.92           3.78           0.00         -15.69
          78.39          18.92           3.78           0.00         -15.69
          78.52          18.92           3.78           0.00         -15.69
          78.64          18.92           3.78           0.00         -15.69
          78.77          18.82           3.76           0.00         -15.29
          78.89          18.82           3.76           0.00         -15.29
          79.01          18.82           3.76           0.00         -15.29
          79.14          18.82           3.76           0.00         -15.29
          79.26          18.82           3.76           0.00         -15.29
          79.39          18.73           3.75           0.00          -14.9
          79.53          18.73           3.75           0.00          -14.9
          79.65          18.73           3.75           0.00          -14.9
          79.78          18.73           3.75           0.00          -14.9
          79.90          18.63           3.73           0.00         -14.51
          80.04          18.63           3.73           0.00         -14.51
          80.17          18.63           3.73           0.00         -14.51
          80.29          18.63           3.73           0.00         -14.51
          80.42          18.53           3.71           0.00         -14.12
          80.54          18.53           3.71           0.00         -14.12
          80.67          18.53           3.71           0.00         -14.12
          80.79          18.53           3.71           0.00         -14.12
          80.92          18.43           3.69           0.00         -13.73
          81.06          18.43           3.69           0.00         -13.73
          81.18          18.43           3.69           0.00         -13.73
          81.30          18.43           3.69           0.00         -13.73
          81.43          18.43           3.69           0.00         -13.73
          81.55          18.33           3.67           0.00         -13.33
          81.68          18.33           3.67           0.00         -13.33
          81.80          18.33           3.67           0.00         -13.33
          81.93          18.33           3.67           0.00         -13.33
          82.05          18.33           3.67           0.00         -13.33
          82.18          18.24           3.65           0.00         -12.94
          82.30          18.24           3.65           0.00         -12.94
          82.43          18.24           3.65           0.00         -12.94
          82.57          18.24           3.65           0.00         -12.94
          82.71          18.14           3.63           0.00         -12.55
          82.85          18.14           3.63           0.00         -12.55
          82.99          18.14           3.63           0.00         -12.55
          83.12          18.14           3.63           0.00         -12.55
          83.24          18.04           3.61           0.00         -12.16
          83.37          18.04           3.61           0.00         -12.16
          83.49          18.04           3.61           0.00         -12.16
          83.62          18.04           3.61           0.00         -12.16
          83.74          17.94           3.59           0.00         -11.76
          83.87          17.94           3.59           0.00         -11.76
          83.99          17.94           3.59           0.00         -11.76
          84.11          17.94           3.59           0.00         -11.76
          84.24          17.94           3.59           0.00         -11.76
          84.36          17.84           3.57           0.00         -11.37
          84.49          17.84           3.57           0.00         -11.37
          84.61          17.84           3.57           0.00         -11.37
          84.74          17.84           3.57           0.00         -11.37
          84.86          17.84           3.57           0.00         -11.37
          84.99          17.84           3.57           0.00         -11.37
          85.11          17.75           3.55           0.00         -10.98
          85.24          17.75           3.55           0.00         -10.98
          85.36          17.75           3.55           0.00         -10.98
          85.49          17.75           3.55           0.00         -10.98
          85.61          17.65           3.53           0.00         -10.59
          85.74          17.65           3.53           0.00         -10.59
          85.86          17.65           3.53           0.00         -10.59
          85.98          17.65           3.53           0.00         -10.59
          86.11          17.65           3.53           0.00         -10.59
          86.23          17.55           3.51           0.00          -10.2
          86.36          17.55           3.51           0.00          -10.2
          86.48          17.55           3.51           0.00          -10.2
          86.61          17.55           3.51           0.00          -10.2
          86.73          17.55           3.51           0.00          -10.2
          86.86          17.45           3.49           0.00           -9.8
          86.98          17.45           3.49           0.00           -9.8
          87.11          17.45           3.49           0.00           -9.8
          87.23          17.45           3.49           0.00           -9.8
          87.36          17.35           3.47           0.00          -9.41
          87.48          17.35           3.47           0.00          -9.41
          87.61          17.35           3.47           0.00          -9.41
          87.73          17.35           3.47           0.00          -9.41
          87.86          17.35           3.47           0.00          -9.41
          87.98          17.35           3.47           0.00          -9.41
          88.11          17.25           3.45           0.00          -9.02
          88.25          17.25           3.45           0.00          -9.02
          88.38          17.25           3.45           0.00          -9.02
          88.50          17.25           3.45           0.00          -9.02
          88.63          17.16           3.43           0.00          -8.63
          88.75          17.16           3.43           0.00          -8.63
          88.87          17.16           3.43           0.00          -8.63
          89.00          17.16           3.43           0.00          -8.63
          89.12          17.16           3.43           0.00          -8.63
          89.25          17.06           3.41           0.00          -8.24
          89.37          17.06           3.41           0.00          -8.24
          89.50          17.06           3.41           0.00          -8.24
          89.62          17.06           3.41           0.00          -8.24
          89.75          17.06           3.41           0.00          -8.24
          89.87          16.96           3.39           0.00          -7.84
          90.00          16.96           3.39           0.00          -7.84
          90.12          16.96           3.39           0.00          -7.84
          90.25          16.96           3.39           0.00          -7.84
          90.37          16.96           3.39           0.00          -7.84
          90.50          16.96           3.39           0.00          -7.84
          90.62          16.86           3.37           0.00          -7.45
          90.75          16.86           3.37           0.00          -7.45
          90.87          16.86           3.37           0.00          -7.45
          91.00          16.86           3.37           0.00          -7.45
          91.12          16.86           3.37           0.00          -7.45
          91.26          16.76           3.35           0.00          -7.06
          91.38          16.76           3.35           0.00          -7.06
          91.51          16.76           3.35           0.00          -7.06
          91.63          16.76           3.35           0.00          -7.06
          91.76          16.76           3.35           0.00          -7.06
          91.88          16.67           3.33           0.00          -6.67
          92.02          16.67           3.33           0.00          -6.67
          92.15          16.67           3.33           0.00          -6.67
          92.27          16.67           3.33           0.00          -6.67
          92.40          16.57           3.31           0.00          -6.27
          92.54          16.57           3.31           0.00          -6.27
          92.68          16.57           3.31           0.00          -6.27
          92.80          16.57           3.31           0.00          -6.27
          92.93          16.57           3.31           0.00          -6.27
          93.05          16.47           3.29           0.00          -5.88
          93.18          16.47           3.29           0.00          -5.88
          93.32          16.47           3.29           0.00          -5.88
          93.44          16.47           3.29           0.00          -5.88
          93.57          16.47           3.29           0.00          -5.88
          93.69          16.37           3.27           0.00          -5.49
          93.82          16.37           3.27           0.00          -5.49
          93.94          16.37           3.27           0.00          -5.49
          94.07          16.37           3.27           0.00          -5.49
          94.19          16.37           3.27           0.00          -5.49
          94.32          16.27           3.25           0.00           -5.1
          94.44          16.27           3.25           0.00           -5.1
          94.57          16.27           3.25           0.00           -5.1
          94.69          16.27           3.25           0.00           -5.1
          94.82          16.27           3.25           0.00           -5.1
          94.94          16.18           3.24           0.00          -4.71
          95.07          16.18           3.24           0.00          -4.71
          95.19          16.18           3.24           0.00          -4.71
          95.32          16.18           3.24           0.00          -4.71
          95.44          16.18           3.24           0.00          -4.71
          95.57          16.18           3.24           0.00          -4.71
          95.69          16.08           3.22           0.00          -4.31
          95.81          16.08           3.22           0.00          -4.31
          95.94          16.08           3.22           0.00          -4.31
          96.06          16.08           3.22           0.00          -4.31
          96.19          16.08           3.22           0.00          -4.31
          96.31          15.98            3.2           0.00          -3.92
          96.44          15.98            3.2           0.00          -3.92
          96.56          15.98            3.2           0.00          -3.92
          96.69          15.98            3.2           0.00          -3.92
          96.81          15.98            3.2           0.00          -3.92
          96.94          15.88           3.18           0.00          -3.53
          97.06          15.88           3.18           0.00          -3.53
          97.19          15.88           3.18           0.00          -3.53
          97.31          15.88           3.18           0.00          -3.53
          97.44          15.88           3.18           0.00          -3.53
          97.58          15.78           3.16           0.00          -3.14
          97.70          15.78           3.16           0.00          -3.14
          97.83          15.78           3.16           0.00          -3.14
          97.95          15.78           3.16           0.00          -3.14
          98.08          15.78           3.16           0.00          -3.14
          98.20          15.69           3.14           0.00          -2.75
          98.33          15.69           3.14           0.00          -2.75
          98.45          15.69           3.14           0.00          -2.75
          98.58          15.69           3.14           0.00          -2.75
          98.70          15.69           3.14           0.00          -2.75
          98.82          15.69           3.14           0.00          -2.75
          98.95          15.59           3.12           0.00          -2.35
          99.09          15.59           3.12           0.00          -2.35
          99.21          15.59           3.12           0.00          -2.35
          99.34          15.59           3.12           0.00          -2.35
          99.46          15.59           3.12           0.00          -2.35
          99.59          15.49            3.1           0.00          -1.96
          99.73          15.49            3.1           0.00          -1.96
          99.86          15.49            3.1           0.00          -1.96
          99.98          15.49            3.1           0.00          -1.96
         100.11          15.49            3.1           0.00          -1.96
         100.25          15.39           3.08           0.00          -1.57
         100.37          15.39           3.08           0.00          -1.57
         100.51          15.39           3.08           0.00          -1.57
         100.65          15.39           3.08           0.00          -1.57
         100.77          15.39           3.08           0.00          -1.57
         100.90          15.39           3.08           0.00          -1.57
         101.02          15.29           3.06           0.00          -1.18
         101.15          15.29           3.06           0.00          -1.18
         101.27          15.29           3.06           0.00          -1.18
         101.40          15.29           3.06           0.00          -1.18
         101.52          15.29           3.06           0.00          -1.18
         101.65          15.20           3.04           0.00          -0.78
         101.77          15.20           3.04           0.00          -0.78
         101.90          15.20           3.04           0.00          -0.78
         102.02          15.20           3.04           0.00          -0.78
         102.15          15.20           3.04           0.00          -0.78
         102.27          15.10           3.02           0.00          -0.39
         102.40          15.10           3.02           0.00          -0.39
         102.52          15.10           3.02           0.00          -0.39
         102.65          15.10           3.02           0.00          -0.39
         102.77          15.10           3.02           0.00          -0.39
         102.90          15.10           3.02           0.00          -0.39
         103.02          15.00            3.0           0.00            0.0
         103.14          15.00            3.0           0.00            0.0
         103.27          15.00            3.0           0.00            0.0
         103.52          15.00            3.0           0.00            0.0
         103.64          14.90           2.98           0.00           0.39
         103.77          14.90           2.98           0.00           0.39
         103.89          14.90           2.98           0.00           0.39
         104.02          14.90           2.98           0.00           0.39
         104.14          14.90           2.98           0.00           0.39
         104.27          14.90           2.98           0.00           0.39
         104.39          14.80           2.96           0.00           0.78
         104.54          14.80           2.96           0.00           0.78
         104.66          14.80           2.96           0.00           0.78
         104.79          14.80           2.96           0.00           0.78
         104.91          14.80           2.96           0.00           0.78
         105.04          14.80           2.96           0.00           0.78
         105.16          14.71           2.94           0.00           1.18
         105.29          14.71           2.94           0.00           1.18
         105.41          14.71           2.94           0.00           1.18
         105.54          14.71           2.94           0.00           1.18
         105.66          14.71           2.94           0.00           1.18
         105.79          14.61           2.92           0.00           1.57
         105.91          14.61           2.92           0.00           1.57
         106.03          14.61           2.92           0.00           1.57
         106.16          14.61           2.92           0.00           1.57
         106.28          14.51            2.9           0.00           1.96
         106.42          14.51            2.9           0.00           1.96
         106.56          14.51            2.9           0.00           1.96
         106.70          14.51            2.9           0.00           1.96
         106.84          14.51            2.9           0.00           1.96
         106.98          14.41           2.88           0.00           2.35
         107.13          14.41           2.88           0.00           2.35
         107.25          14.41           2.88           0.00           2.35
         107.38          14.41           2.88           0.00           2.35
         107.50          14.41           2.88           0.00           2.35
         107.63          14.31           2.86           0.00           2.75
         107.80          14.31           2.86           0.00           2.75
         107.92          14.31           2.86           0.00           2.75
         108.05          14.31           2.86           0.00           2.75
         108.17          14.31           2.86           0.00           2.75
         108.29          14.31           2.86           0.00           2.75
         108.43          14.22           2.84           0.00           3.14
         108.56          14.22           2.84           0.00           3.14
         108.68          14.22           2.84           0.00           3.14
         108.81          14.22           2.84           0.00           3.14
         108.93          14.22           2.84           0.00           3.14
         109.06          14.22           2.84           0.00           3.14
         109.18          14.12           2.82           0.00           3.53
         109.31          14.12           2.82           0.00           3.53
         109.43          14.12           2.82           0.00           3.53
         109.56          14.12           2.82           0.00           3.53
         109.68          14.12           2.82           0.00           3.53
         109.81          14.02            2.8           0.00           3.92
         109.93          14.02            2.8           0.00           3.92
         110.06          14.02            2.8           0.00           3.92
         110.18          14.02            2.8           0.00           3.92
         110.31          14.02            2.8           0.00           3.92
         110.43          13.92           2.78           0.00           4.31
         110.55          13.92           2.78           0.00           4.31
         110.68          13.92           2.78           0.00           4.31
         110.80          13.92           2.78           0.00           4.31
         110.93          13.92           2.78           0.00           4.31
         111.05          13.82           2.76           0.00           4.71
         111.18          13.82           2.76           0.00           4.71
         111.30          13.82           2.76           0.00           4.71
         111.43          13.82           2.76           0.00           4.71
         111.55          13.82           2.76           0.00           4.71
         111.68          13.82           2.76           0.00           4.71
         111.80          13.73           2.75           0.00            5.1
         111.93          13.73           2.75           0.00            5.1
         112.05          13.73           2.75           0.00            5.1
         112.18          13.73           2.75           0.00            5.1
         112.30          13.73           2.75           0.00            5.1
         112.43          13.63           2.73           0.00           5.49
         112.55          13.63           2.73           0.00           5.49
         112.68          13.63           2.73           0.00           5.49
         112.80          13.63           2.73           0.00           5.49
         112.93          13.63           2.73           0.00           5.49
         113.05          13.53           2.71           0.00           5.88
         113.19          13.53           2.71           0.00           5.88
         113.32          13.53           2.71           0.00           5.88
         113.44          13.53           2.71           0.00           5.88
         113.57          13.53           2.71           0.00           5.88
         113.69          13.53           2.71           0.00           5.88
         113.82          13.43           2.69           0.00           6.27
         113.94          13.43           2.69           0.00           6.27
         114.07          13.43           2.69           0.00           6.27
         114.19          13.43           2.69           0.00           6.27
         114.32          13.33           2.67           0.00           6.67
         114.44          13.33           2.67           0.00           6.67
         114.57          13.33           2.67           0.00           6.67
         114.69          13.33           2.67           0.00           6.67
         114.82          13.33           2.67           0.00           6.67
         114.94          13.33           2.67           0.00           6.67
         115.07          13.24           2.65           0.00           7.06
         115.21          13.24           2.65           0.00           7.06
         115.33          13.24           2.65           0.00           7.06
         115.46          13.24           2.65           0.00           7.06
         115.58          13.24           2.65           0.00           7.06
         115.70          13.14           2.63           0.00           7.45
         115.83          13.14           2.63           0.00           7.45
         115.95          13.14           2.63           0.00           7.45
         116.08          13.14           2.63           0.00           7.45
         116.20          13.14           2.63           0.00           7.45
         116.33          13.04           2.61           0.00           7.84
         116.45          13.04           2.61           0.00           7.84
         116.59          13.04           2.61           0.00           7.84
         116.73          13.04           2.61           0.00           7.84
         116.88          13.04           2.61           0.00           7.84
         117.00          12.94           2.59           0.00           8.24
         117.13          12.94           2.59           0.00           8.24
         117.25          12.94           2.59           0.00           8.24
         117.39          12.94           2.59           0.00           8.24
         117.52          12.94           2.59           0.00           8.24
         117.64          12.94           2.59           0.00           8.24
         117.77          12.84           2.57           0.00           8.63
         117.89          12.84           2.57           0.00           8.63
         118.01          12.84           2.57           0.00           8.63
         118.14          12.84           2.57           0.00           8.63
         118.26          12.84           2.57           0.00           8.63
         118.39          12.75           2.55           0.00           9.02
         118.51          12.75           2.55           0.00           9.02
         118.64          12.75           2.55           0.00           9.02
         118.76          12.75           2.55           0.00           9.02
         118.89          12.75           2.55           0.00           9.02
         119.01          12.65           2.53           0.00           9.41
         119.14          12.65           2.53           0.00           9.41
         119.26          12.65           2.53           0.00           9.41
         119.39          12.65           2.53           0.00           9.41
         119.53          12.65           2.53           0.00           9.41
         119.65          12.55           2.51           0.00            9.8
         119.78          12.55           2.51           0.00            9.8
         119.90          12.55           2.51           0.00            9.8
         120.03          12.55           2.51           0.00            9.8
         120.15          12.55           2.51           0.00            9.8
         120.27          12.55           2.51           0.00            9.8
         120.40          12.45           2.49           0.00           10.2
         120.52          12.45           2.49           0.00           10.2
         120.65          12.45           2.49           0.00           10.2
         120.77          12.45           2.49           0.00           10.2
         120.90          12.45           2.49           0.00           10.2
         121.02          12.35           2.47           0.00          10.59
         121.15          12.35           2.47           0.00          10.59
         121.27          12.35           2.47           0.00          10.59
         121.40          12.35           2.47           0.00          10.59
         121.52          12.35           2.47           0.00          10.59
         121.65          12.35           2.47           0.00          10.59
         121.77          12.25           2.45           0.00          10.98
         121.90          12.25           2.45           0.00          10.98
         122.02          12.25           2.45           0.00          10.98
         122.15          12.25           2.45           0.00          10.98
         122.27          12.25           2.45           0.00          10.98
         122.40          12.25           2.45           0.00          10.98
         122.52          12.16           2.43           0.00          11.37
         122.64          12.16           2.43           0.00          11.37
         122.77          12.16           2.43           0.00          11.37
         122.89          12.16           2.43           0.00          11.37
         123.02          12.16           2.43           0.00          11.37
         123.14          12.06           2.41           0.00          11.76
         123.27          12.06           2.41           0.00          11.76
         123.39          12.06           2.41           0.00          11.76
         123.52          12.06           2.41           0.00          11.76
         123.64          12.06           2.41           0.00          11.76
         123.77          12.06           2.41           0.00          11.76
         123.89          11.96           2.39           0.00          12.16
         124.04          11.96           2.39           0.00          12.16
         124.16          11.96           2.39           0.00          12.16
         124.29          11.96           2.39           0.00          12.16
         124.41          11.96           2.39           0.00          12.16
         124.54          11.96           2.39           0.00          12.16
         124.66          11.86           2.37           0.00          12.55
         124.80          11.86           2.37           0.00          12.55
         124.93          11.86           2.37           0.00          12.55
         125.06          11.86           2.37           0.00          12.55
         125.19          11.86           2.37           0.00          12.55
         125.31          11.76           2.35           0.00          12.94
         125.44          11.76           2.35           0.00          12.94
         125.56          11.76           2.35           0.00          12.94
         125.69          11.76           2.35           0.00          12.94
         125.81          11.76           2.35           0.00          12.94
         125.94          11.76           2.35           0.00          12.94
         126.06          11.67           2.33           0.00          13.33
         126.20          11.67           2.33           0.00          13.33
         126.33          11.67           2.33           0.00          13.33
         126.45          11.67           2.33           0.00          13.33
         126.58          11.67           2.33           0.00          13.33
         126.70          11.57           2.31           0.00          13.73
         126.83          11.57           2.31           0.00          13.73
         126.95          11.57           2.31           0.00          13.73
         127.08          11.57           2.31           0.00          13.73
         127.20          11.57           2.31           0.00          13.73
         127.33          11.57           2.31           0.00          13.73
         127.45          11.47           2.29           0.00          14.12
         127.58          11.47           2.29           0.00          14.12
         127.70          11.47           2.29           0.00          14.12
         127.83          11.47           2.29           0.00          14.12
         127.95          11.47           2.29           0.00          14.12
         128.07          11.47           2.29           0.00          14.12
         128.20          11.47           2.29           0.00          14.12
         128.32          11.37           2.27           0.00          14.51
         128.46          11.37           2.27           0.00          14.51
         128.61          11.37           2.27           0.00          14.51
         128.75          11.37           2.27           0.00          14.51
         128.87          11.37           2.27           0.00          14.51
         129.00          11.27           2.25           0.00           14.9
         129.14          11.27           2.25           0.00           14.9
         129.28          11.27           2.25           0.00           14.9
         129.40          11.27           2.25           0.00           14.9
         129.53          11.27           2.25           0.00           14.9
         129.65          11.18           2.24           0.00          15.29
         129.78          11.18           2.24           0.00          15.29
         129.90          11.18           2.24           0.00          15.29
         130.02          11.18           2.24           0.00          15.29
         130.15          11.18           2.24           0.00          15.29
         130.27          11.18           2.24           0.00          15.29
         130.40          11.08           2.22           0.00          15.69
         130.54          11.08           2.22           0.00          15.69
         130.66          11.08           2.22           0.00          15.69
         130.79          11.08           2.22           0.00          15.69
         130.91          11.08           2.22           0.00          15.69
         131.04          10.98            2.2           0.00          16.08
         131.16          10.98            2.2           0.00          16.08
         131.29          10.98            2.2           0.00          16.08
         131.41          10.98            2.2           0.00          16.08
         131.54          10.98            2.2           0.00          16.08
         131.66          10.98            2.2           0.00          16.08
         131.79          10.98            2.2           0.00          16.08
         131.91          10.88           2.18           0.00          16.47
         132.04          10.88           2.18           0.00          16.47
         132.16          10.88           2.18           0.00          16.47
         132.29          10.88           2.18           0.00          16.47
         132.41          10.88           2.18           0.00          16.47
         132.54          10.78           2.16           0.00          16.86
         132.66          10.78           2.16           0.00          16.86
         132.79          10.78           2.16           0.00          16.86
         132.91          10.78           2.16           0.00          16.86
         133.04          10.78           2.16           0.00          16.86
         133.16          10.78           2.16           0.00          16.86
         133.29          10.69           2.14           0.00          17.25
         133.41          10.69           2.14           0.00          17.25
         133.54          10.69           2.14           0.00          17.25
         133.66          10.69           2.14           0.00          17.25
         133.79          10.69           2.14           0.00          17.25
         133.91          10.69           2.14           0.00          17.25
         134.04          10.59           2.12           0.00          17.65
         134.16          10.59           2.12           0.00          17.65
         134.29          10.59           2.12           0.00          17.65
         134.41          10.59           2.12           0.00          17.65
         134.54          10.59           2.12           0.00          17.65
         134.66          10.59           2.12           0.00          17.65
         134.79          10.49            2.1           0.00          18.04
         134.91          10.49            2.1           0.00          18.04
         135.04          10.49            2.1           0.00          18.04
         135.16          10.49            2.1           0.00          18.04
         135.28          10.49            2.1           0.00          18.04
         135.41          10.49            2.1           0.00          18.04
         135.53          10.39           2.08           0.00          18.43
         135.67          10.39           2.08           0.00          18.43
         135.80          10.39           2.08           0.00          18.43
         135.94          10.39           2.08           0.00          18.43
         136.06          10.39           2.08           0.00          18.43
         136.19          10.39           2.08           0.00          18.43
         136.31          10.29           2.06           0.00          18.82
         136.44          10.29           2.06           0.00          18.82
         136.56          10.29           2.06           0.00          18.82
         136.69          10.29           2.06           0.00          18.82
         136.81          10.29           2.06           0.00          18.82
         136.94          10.29           2.06           0.00          18.82
         137.06          10.20           2.04           0.00          19.22
         137.19          10.20           2.04           0.00          19.22
         137.33          10.20           2.04           0.00          19.22
         137.46          10.20           2.04           0.00          19.22
         137.61          10.20           2.04           0.00          19.22
         137.75          10.10           2.02           0.00          19.61
         137.89          10.10           2.02           0.00          19.61
         138.03          10.10           2.02           0.00          19.61
         138.15          10.10           2.02           0.00          19.61
         138.28          10.10           2.02           0.00          19.61
         138.40          10.10           2.02           0.00          19.61
         138.53          10.10           2.02           0.00          19.61
         138.65          10.00            2.0         100.00           20.0
         138.78          10.00            2.0         100.00           20.0
         138.90          10.00            2.0         100.00           20.0
         139.03          10.00            2.0         100.00           20.0
         139.15          10.00            2.0         100.00           20.0
         139.28          10.00            2.0         100.00           20.0
         139.40          10.00            2.0         100.00           20.0
         139.53          10.00            2.0         100.00           20.0
         139.65          10.00            2.0         100.00           20.0
         139.77           9.90           1.98         100.00          20.39
         139.90          10.00            2.0         100.00           20.0
         140.02           9.90           1.98         100.00          20.39
         140.15           9.90           1.98         100.00          20.39
         140.27           9.90           1.98         100.00          20.39
         140.40           9.90           1.98         100.00          20.39
         140.52           9.90           1.98         100.00          20.39
         140.65           9.90           1.98         100.00          20.39
         140.77           9.90           1.98         100.00          20.39
         140.90           9.90           1.98         100.00          20.39
         141.02           9.90           1.98         100.00          20.39
         141.15           9.90           1.98         100.00          20.39
         141.27           9.90           1.98         100.00          20.39
         141.40           9.90           1.98         100.00          20.39
         141.52          10.00            2.0         100.00           20.0
         141.65          10.00            2.0         100.00           20.0
         141.77          10.00            2.0         100.00           20.0
         141.90          10.00            2.0         100.00           20.0
         142.02          10.00            2.0         100.00           20.0
         142.14          10.00            2.0         100.00           20.0
         142.27          10.10           2.02         100.00          19.61
         142.39          10.10           2.02         100.00          19.61
         142.52          10.10           2.02         100.00          19.61
         142.64          10.20           2.04         100.00          19.22
         142.77          10.20           2.04         100.00          19.22
         142.89          10.29           2.06         100.00          18.82
         143.02          10.29           2.06         100.00          18.82
         143.14          10.39           2.08         100.00          18.43
         143.27          10.39           2.08         100.00          18.43
         143.39          10.39           2.08         100.00          18.43
         143.52          10.49            2.1         100.00          18.04
         143.64          10.59           2.12         100.00          17.65
         143.77          10.59           2.12         100.00          17.65
         143.89          10.69           2.14         100.00          17.25
         144.02          10.69           2.14         100.00          17.25
         144.14          10.78           2.16         100.00          16.86
         144.27          10.78           2.16         100.00          16.86
         144.39          10.88           2.18         100.00          16.47
         144.54          10.88           2.18         100.00          16.47
         144.66          10.98            2.2         100.00          16.08
         144.80          10.98            2.2         100.00          16.08
         144.92          11.08           2.22         100.00          15.69
         145.05          11.18           2.24         100.00          15.29
         145.17          11.18           2.24         100.00          15.29
         145.30          11.27           2.25         100.00           14.9
         145.42          11.27           2.25         100.00           14.9
         145.55          11.37           2.27         100.00          14.51
         145.69          11.37           2.27         100.00          14.51
         145.81          11.47           2.29         100.00          14.12
         145.94          11.57           2.31         100.00          13.73
         146.06          11.57           2.31         100.00          13.73
         146.19          11.57           2.31         100.00          13.73
         146.31          11.67           2.33         100.00          13.33
         146.45          11.76           2.35         100.00          12.94
         146.59          11.86           2.37         100.00          12.55
         146.73          11.86           2.37         100.00          12.55
         146.86          11.96           2.39         100.00          12.16
         147.00          11.96           2.39         100.00          12.16
         147.14          12.06           2.41         100.00          11.76
         147.28          12.06           2.41         100.00          11.76
         147.40          12.16           2.43         100.00          11.37
         147.53          12.25           2.45         100.00          10.98
         147.67          12.35           2.47         100.00          10.59
         147.79          12.35           2.47         100.00          10.59
         147.92          12.45           2.49         100.00           10.2
         148.04          12.45           2.49         100.00           10.2
         148.18          12.55           2.51         100.00            9.8
         148.31          12.55           2.51         100.00            9.8
         148.45          12.65           2.53         100.00           9.41
         148.59          12.65           2.53         100.00           9.41
         148.73          12.75           2.55         100.00           9.02
         148.87          12.75           2.55         100.00           9.02
         149.00          12.84           2.57         100.00           8.63
         149.12          12.94           2.59         100.00           8.24
         149.25          13.04           2.61         100.00           7.84
         149.37          13.04           2.61         100.00           7.84
         149.50          13.04           2.61         100.00           7.84
         149.62          13.04           2.61         100.00           7.84
         149.75          13.14           2.63         100.00           7.45
         149.87          13.24           2.65         100.00           7.06
         149.99          13.33           2.67         100.00           6.67
         150.12          13.33           2.67         100.00           6.67
         150.24          13.43           2.69         100.00           6.27
         150.37          13.43           2.69         100.00           6.27
         150.49          13.53           2.71         100.00           5.88
         150.62          13.53           2.71         100.00           5.88
         150.74          13.63           2.73         100.00           5.49
         150.87          13.63           2.73         100.00           5.49
         150.99          13.73           2.75         100.00            5.1
         151.12          13.82           2.76         100.00           4.71
         151.24          13.92           2.78         100.00           4.31
         151.37          13.92           2.78         100.00           4.31
         151.49          13.92           2.78         100.00           4.31
         151.62          14.02            2.8         100.00           3.92
         151.74          14.02            2.8         100.00           3.92
         151.87          14.12           2.82         100.00           3.53
         151.99          14.22           2.84         100.00           3.14
         152.13          14.22           2.84         100.00           3.14
         152.25          14.31           2.86         100.00           2.75
         152.38          14.31           2.86         100.00           2.75
         152.50          14.41           2.88         100.00           2.35
         152.63          14.41           2.88         100.00           2.35
         152.75          14.51            2.9         100.00           1.96
         152.88          14.51            2.9         100.00           1.96
         153.00          14.61           2.92         100.00           1.57
         153.13          14.71           2.94         100.00           1.18
         153.25          14.80           2.96         100.00           0.78
         153.38          14.80           2.96         100.00           0.78
         153.50          14.80           2.96         100.00           0.78
         153.63          14.90           2.98         100.00           0.39
         153.75          14.90           2.98         100.00           0.39
         153.88          15.00            3.0         100.00            0.0
         154.00          15.00            3.0         100.00            0.0
         154.13          15.10           3.02         100.00          -0.39
         154.25          15.10           3.02         100.00          -0.39
         154.38          15.20           3.04         100.00          -0.78
         154.52          15.20           3.04         100.00          -0.78
         154.64          15.29           3.06         100.00          -1.18
         154.77          15.39           3.08         100.00          -1.57
         154.91          15.39           3.08         100.00          -1.57
         155.03          15.49            3.1         100.00          -1.96
         155.17          15.49            3.1         100.00          -1.96
         155.30          15.49            3.1         100.00          -1.96
         155.42          15.59           3.12         100.00          -2.35
         155.55          15.69           3.14         100.00          -2.75
         155.69          15.78           3.16         100.00          -3.14
         155.83          15.78           3.16         100.00          -3.14
         155.95          15.78           3.16         100.00          -3.14
         156.08          15.78           3.16         100.00          -3.14
         156.20          15.88           3.18         100.00          -3.53
         156.34          15.98            3.2         100.00          -3.92
         156.48          16.08           3.22         100.00          -4.31
         156.61          16.08           3.22         100.00          -4.31
         156.75          16.08           3.22         100.00          -4.31
         156.89          16.18           3.24         100.00          -4.71
         157.03          16.27           3.25         100.00           -5.1
         157.17          16.27           3.25         100.00           -5.1
         157.31          16.37           3.27         100.00          -5.49
         157.45          16.47           3.29         100.00          -5.88
         157.57          16.47           3.29         100.00          -5.88
         157.71          16.57           3.31         100.00          -6.27
         157.86          16.57           3.31         100.00          -6.27
         158.00          16.67           3.33         100.00          -6.67
         158.12          16.67           3.33         100.00          -6.67
         158.26          16.76           3.35         100.00          -7.06
         158.42          16.86           3.37         100.00          -7.45
         158.56          16.86           3.37         100.00          -7.45
         158.68          16.96           3.39         100.00          -7.84
         158.82          17.06           3.41         100.00          -8.24
         158.96          17.06           3.41         100.00          -8.24
         159.11          17.16           3.43         100.00          -8.63
         159.25          17.16           3.43         100.00          -8.63
         159.39          17.25           3.45         100.00          -9.02
         159.52          17.35           3.47         100.00          -9.41
         159.66          17.35           3.47         100.00          -9.41
         159.79          17.45           3.49         100.00           -9.8
         159.91          17.45           3.49         100.00           -9.8
         160.04          17.45           3.49         100.00           -9.8
         160.16          17.55           3.51         100.00          -10.2
         160.29          17.65           3.53         100.00         -10.59
         160.41          17.65           3.53         100.00         -10.59
         160.54          17.75           3.55         100.00         -10.98
         160.66          17.75           3.55         100.00         -10.98
         160.79          17.84           3.57         100.00         -11.37
         160.91          17.84           3.57         100.00         -11.37
         161.04          17.94           3.59         100.00         -11.76
         161.16          17.94           3.59         100.00         -11.76
         161.29          17.94           3.59         100.00         -11.76
         161.41          18.04           3.61         100.00         -12.16
         161.54          18.04           3.61         100.00         -12.16
         161.66          18.14           3.63         100.00         -12.55
         161.79          18.24           3.65         100.00         -12.94
         161.91          18.24           3.65         100.00         -12.94
         162.04          18.33           3.67         100.00         -13.33
         162.16          18.43           3.69         100.00         -13.73
         162.29          18.43           3.69         100.00         -13.73
         162.41          18.53           3.71         100.00         -14.12
         162.54          18.53           3.71         100.00         -14.12
         162.66          18.53           3.71         100.00         -14.12
         162.79          18.63           3.73         100.00         -14.51
         162.91          18.63           3.73         100.00         -14.51
         163.04          18.73           3.75         100.00          -14.9
         163.16          18.82           3.76         100.00         -15.29
         163.29          18.82           3.76         100.00         -15.29
         163.41          18.92           3.78         100.00         -15.69
         163.54          18.92           3.78         100.00         -15.69
         163.66          19.02            3.8         100.00         -16.08
         163.79          19.02            3.8         100.00         -16.08
         163.91          19.12           3.82         100.00         -16.47
         164.04          19.12           3.82         100.00         -16.47
         164.16          19.22           3.84         100.00         -16.86
         164.29          19.31           3.86         100.00         -17.25
         164.41          19.41           3.88         100.00         -17.65
         164.54          19.41           3.88         100.00         -17.65
         164.66          19.41           3.88         100.00         -17.65
         164.78          19.51            3.9         100.00         -18.04
         164.94          19.51            3.9         100.00         -18.04
         165.08          19.61           3.92         100.00         -18.43
         165.22          19.71           3.94         100.00         -18.82
         165.34          19.80           3.96         100.00         -19.22
         165.47          19.80           3.96         100.00         -19.22
         165.59          19.80           3.96         100.00         -19.22
         165.72          19.90           3.98         100.00         -19.61
         165.84          20.00            4.0           0.00          -20.0
         165.98          20.00            4.0           0.00          -20.0
         166.11          20.00            4.0           0.00          -20.0
         166.23          20.10           4.02           0.00         -20.39
         166.36          20.10           4.02           0.00         -20.39
         166.48          20.10           4.02           0.00         -20.39
         166.61          20.20           4.04           0.00         -20.78
         166.73          20.20           4.04           0.00         -20.78
         166.86          20.20           4.04           0.00         -20.78
         167.03          20.20           4.04           0.00         -20.78
         167.15          20.20           4.04           0.00         -20.78
         167.28          20.20           4.04           0.00         -20.78
         167.40          20.20           4.04           0.00         -20.78
         167.53          20.20           4.04           0.00         -20.78
         167.65          20.20           4.04           0.00         -20.78
         167.78          20.10           4.02           0.00         -20.39
         167.90          20.10           4.02           0.00         -20.39
         168.03          20.10           4.02           0.00         -20.39
         168.15          20.10           4.02           0.00         -20.39
         168.28          20.10           4.02           0.00         -20.39
         168.40          20.10           4.02           0.00         -20.39
         168.53          20.00            4.0           0.00          -20.0
         168.65          20.00            4.0           0.00          -20.0
         168.78          20.00            4.0           0.00          -20.0
         168.90          20.00            4.0           0.00          -20.0
         169.02          20.00            4.0           0.00          -20.0
         169.15          19.90           3.98           0.00         -19.61
         169.27          19.90           3.98           0.00         -19.61
         169.40          19.90           3.98           0.00         -19.61
         169.52          19.90           3.98           0.00         -19.61
         169.65          19.90           3.98           0.00         -19.61
         169.77          19.80           3.96           0.00         -19.22
         169.91          19.80           3.96           0.00         -19.22
         170.04          19.80           3.96           0.00         -19.22
         170.16          19.80           3.96           0.00         -19.22
         170.29          19.80           3.96           0.00         -19.22
         170.41          19.71           3.94           0.00         -18.82
         170.54          19.71           3.94           0.00         -18.82
         170.66          19.71           3.94           0.00         -18.82
         170.79          19.71           3.94           0.00         -18.82
         170.91          19.71           3.94           0.00         -18.82
         171.04          19.61           3.92           0.00         -18.43
         171.18          19.61           3.92           0.00         -18.43
         171.30          19.61           3.92           0.00         -18.43
         171.43          19.61           3.92           0.00         -18.43
         171.55          19.61           3.92           0.00         -18.43
         171.68          19.61           3.92           0.00         -18.43
         171.80          19.51            3.9           0.00         -18.04
         171.94          19.51            3.9           0.00         -18.04
         172.07          19.51            3.9           0.00         -18.04
         172.19          19.51            3.9           0.00         -18.04
         172.32          19.41           3.88           0.00         -17.65
         172.46          19.41           3.88           0.00         -17.65
         172.58          19.41           3.88           0.00         -17.65
         172.71          19.41           3.88           0.00         -17.65
         172.85          19.31           3.86           0.00         -17.25
         172.97          19.31           3.86           0.00         -17.25
         173.11          19.31           3.86           0.00         -17.25
         173.25          19.31           3.86           0.00         -17.25
         173.39          19.31           3.86           0.00         -17.25
         173.52          19.22           3.84           0.00         -16.86
         173.64          19.22           3.84           0.00         -16.86
         173.77          19.22           3.84           0.00         -16.86
         173.89          19.22           3.84           0.00         -16.86
         174.02          19.12           3.82           0.00         -16.47
         174.14          19.12           3.82           0.00         -16.47
         174.27          19.12           3.82           0.00         -16.47
         174.39          19.12           3.82           0.00         -16.47
         174.52          19.02            3.8           0.00         -16.08
         174.64          19.02            3.8           0.00         -16.08
         174.77          19.02            3.8           0.00         -16.08
         174.89          19.02            3.8           0.00         -16.08
         175.02          19.02            3.8           0.00         -16.08
         175.14          18.92           3.78           0.00         -15.69
         175.27          18.92           3.78           0.00         -15.69
         175.39          18.92           3.78           0.00         -15.69
         175.52          18.92           3.78           0.00         -15.69
         175.64          18.92           3.78           0.00         -15.69
         175.77          18.82           3.76           0.00         -15.29
         175.89          18.82           3.76           0.00         -15.29
         176.02          18.82           3.76           0.00         -15.29
         176.14          18.82           3.76           0.00         -15.29
         176.27          18.73           3.75           0.00          -14.9
         176.39          18.73           3.75           0.00          -14.9
         176.51          18.73           3.75           0.00          -14.9
         176.64          18.73           3.75           0.00          -14.9
         176.76          18.73           3.75           0.00          -14.9
         176.89          18.63           3.73           0.00         -14.51
         177.01          18.63           3.73           0.00         -14.51
         177.14          18.63           3.73           0.00         -14.51
         177.26          18.53           3.71           0.00         -14.12
         177.39          18.53           3.71           0.00         -14.12
         177.51          18.53           3.71           0.00         -14.12
         177.64          18.53           3.71           0.00         -14.12
         177.76          18.53           3.71           0.00         -14.12
         177.89          18.43           3.69           0.00         -13.73
         178.01          18.43           3.69           0.00         -13.73
         178.14          18.43           3.69           0.00         -13.73
         178.26          18.43           3.69           0.00         -13.73
         178.39          18.43           3.69           0.00         -13.73
         178.51          18.33           3.67           0.00         -13.33
         178.65          18.33           3.67           0.00         -13.33
         178.77          18.33           3.67           0.00         -13.33
         178.90          18.33           3.67           0.00         -13.33
         179.02          18.33           3.67           0.00         -13.33
         179.15          18.24           3.65           0.00         -12.94
         179.29          18.24           3.65           0.00         -12.94
         179.43          18.24           3.65           0.00         -12.94
         179.55          18.14           3.63           0.00         -12.55
         179.70          18.14           3.63           0.00         -12.55
         179.84          18.14           3.63           0.00         -12.55
         179.96          18.14           3.63           0.00         -12.55
         180.10          18.04           3.61           0.00         -12.16
         180.23          18.04           3.61           0.00         -12.16
         180.37          18.04           3.61           0.00         -12.16
         180.51          18.04           3.61           0.00         -12.16
         180.63          18.04           3.61           0.00         -12.16
         180.76          17.94           3.59           0.00         -11.76
         180.88          17.94           3.59           0.00         -11.76
         181.01          17.94           3.59           0.00         -11.76
         181.13          17.94           3.59           0.00         -11.76
         181.26          17.94           3.59           0.00         -11.76
         181.38          17.84           3.57           0.00         -11.37
