      Date : 27.Aug.2019                                Time : 1:11:54 PM

                            Input Data : PV
                            Controller : P&I Control
                            Set Point  : 15.00
                                    kp : 2.00
                                    ki : 0.01

     TIME (Sec)        PV (CM)     PV (Volts)      CP (in %)     Error(in%)     

           3.84           0.10           0.02         100.00          59.61
           3.96           0.00            0.0         100.00           60.0
           4.09           0.00            0.0         100.00           60.0
           4.21           0.00            0.0         100.00           60.0
           4.34           0.00            0.0         100.00           60.0
           4.46           0.00            0.0         100.00           60.0
           4.59           0.00            0.0         100.00           60.0
           4.71           0.00            0.0         100.00           60.0
           4.84           0.00            0.0         100.00           60.0
           4.98           0.00            0.0         100.00           60.0
           5.10           0.00            0.0         100.00           60.0
           5.23           0.00            0.0         100.00           60.0
           5.35           0.00            0.0         100.00           60.0
           5.48           0.00            0.0         100.00           60.0
           5.60           0.00            0.0         100.00           60.0
           5.75           0.00            0.0         100.00           60.0
           5.88           0.00            0.0         100.00           60.0
           6.00           0.00            0.0         100.00           60.0
           6.13           0.00            0.0         100.00           60.0
           6.25           0.00            0.0         100.00           60.0
           6.38           0.00            0.0         100.00           60.0
           6.50           0.00            0.0         100.00           60.0
           6.63           0.00            0.0         100.00           60.0
           6.75           0.00            0.0         100.00           60.0
           6.88           0.00            0.0         100.00           60.0
           7.00           0.00            0.0         100.00           60.0
           7.13           0.00            0.0         100.00           60.0
           7.25           0.00            0.0         100.00           60.0
           7.38           0.00            0.0         100.00           60.0
           7.50           0.00            0.0         100.00           60.0
           7.63           0.00            0.0         100.00           60.0
           7.75           0.00            0.0         100.00           60.0
           7.88           0.00            0.0         100.00           60.0
           8.00           0.00            0.0         100.00           60.0
           8.13           0.00            0.0         100.00           60.0
           8.25           0.00            0.0         100.00           60.0
           8.38           0.00            0.0         100.00           60.0
           8.50           0.00            0.0         100.00           60.0
           8.63           0.00            0.0         100.00           60.0
           8.75           0.00            0.0         100.00           60.0
           8.88           0.00            0.0         100.00           60.0
           9.00           0.00            0.0         100.00           60.0
           9.13           0.00            0.0         100.00           60.0
           9.25           0.00            0.0         100.00           60.0
           9.38           0.00            0.0         100.00           60.0
           9.50           0.00            0.0         100.00           60.0
           9.63           0.00            0.0         100.00           60.0
           9.75           0.00            0.0         100.00           60.0
           9.88           0.00            0.0         100.00           60.0
          10.00           0.00            0.0         100.00           60.0
          10.12           0.00            0.0         100.00           60.0
          10.25           0.00            0.0         100.00           60.0
          10.37           0.00            0.0         100.00           60.0
          10.50           0.00            0.0         100.00           60.0
          10.62           0.00            0.0         100.00           60.0
          10.75           0.00            0.0         100.00           60.0
          10.87           0.00            0.0         100.00           60.0
          11.00           0.00            0.0         100.00           60.0
          11.12           0.00            0.0         100.00           60.0
          11.25           0.00            0.0         100.00           60.0
          11.37           0.00            0.0         100.00           60.0
          11.51           0.00            0.0         100.00           60.0
          11.64           0.00            0.0         100.00           60.0
          11.78           0.10           0.02         100.00          59.61
          11.92           0.10           0.02         100.00          59.61
          12.06           0.20           0.04         100.00          59.22
          12.20           0.20           0.04         100.00          59.22
          12.32           0.29           0.06         100.00          58.82
          12.45           0.29           0.06         100.00          58.82
          12.57           0.39           0.08         100.00          58.43
          12.71           0.39           0.08         100.00          58.43
          12.84           0.49            0.1         100.00          58.04
          12.98           0.49            0.1         100.00          58.04
          13.12           0.49            0.1         100.00          58.04
          13.24           0.59           0.12         100.00          57.65
          13.37           0.69           0.14         100.00          57.25
          13.51           0.69           0.14         100.00          57.25
          13.65           0.78           0.16         100.00          56.86
          13.77           0.88           0.18         100.00          56.47
          13.90           0.88           0.18         100.00          56.47
          14.02           0.98            0.2         100.00          56.08
          14.15           1.08           0.22         100.00          55.69
          14.27           1.08           0.22         100.00          55.69
          14.40           1.18           0.24         100.00          55.29
          14.52           1.18           0.24         100.00          55.29
          14.65           1.27           0.25         100.00           54.9
          14.77           1.27           0.25         100.00           54.9
          14.90           1.37           0.27         100.00          54.51
          15.02           1.37           0.27         100.00          54.51
          15.15           1.47           0.29         100.00          54.12
          15.27           1.57           0.31         100.00          53.73
          15.41           1.67           0.33         100.00          53.33
          15.54           1.76           0.35         100.00          52.94
          15.66           1.86           0.37         100.00          52.55
          15.79           1.96           0.39         100.00          52.16
          15.91           2.06           0.41         100.00          51.76
          16.04           2.16           0.43         100.00          51.37
          16.16           2.25           0.45         100.00          50.98
          16.29           2.35           0.47         100.00          50.59
          16.41           2.45           0.49         100.00           50.2
          16.54           2.45           0.49         100.00           50.2
          16.66           2.55           0.51         100.00           49.8
          16.79           2.65           0.53         100.00          49.41
          16.91           2.75           0.55         100.00          49.02
          17.04           2.84           0.57         100.00          48.63
          17.16           2.84           0.57         100.00          48.63
          17.29           2.94           0.59         100.00          48.24
          17.41           3.04           0.61         100.00          47.84
          17.53           3.14           0.63         100.00          47.45
          17.66           3.24           0.65         100.00          47.06
          17.78           3.33           0.67         100.00          46.67
          17.91           3.33           0.67         100.00          46.67
          18.03           3.43           0.69         100.00          46.27
          18.16           3.53           0.71         100.00          45.88
          18.28           3.63           0.73         100.00          45.49
          18.41           3.73           0.75         100.00           45.1
          18.53           3.82           0.76         100.00          44.71
          18.66           3.92           0.78         100.00          44.31
          18.78           4.02            0.8         100.00          43.92
          18.91           4.12           0.82         100.00          43.53
          19.03           4.12           0.82         100.00          43.53
          19.16           4.22           0.84         100.00          43.14
          19.28           4.31           0.86         100.00          42.75
          19.42           4.41           0.88         100.00          42.35
          19.56           4.51            0.9         100.00          41.96
          19.70           4.61           0.92         100.00          41.57
          19.84           4.71           0.94         100.00          41.18
          19.96           4.80           0.96         100.00          40.78
          20.09           4.90           0.98         100.00          40.39
          20.23           5.00            1.0         100.00           40.0
          20.37           5.10           1.02         100.00          39.61
          20.50           5.20           1.04         100.00          39.22
          20.64           5.29           1.06         100.00          38.82
          20.78           5.39           1.08         100.00          38.43
          20.92           5.49            1.1         100.00          38.04
          21.04           5.59           1.12         100.00          37.65
          21.18           5.69           1.14         100.00          37.25
          21.32           5.78           1.16         100.00          36.86
          21.46           5.88           1.18         100.00          36.47
          21.59           5.98            1.2         100.00          36.08
          21.71           6.08           1.22         100.00          35.69
          21.84           6.18           1.24         100.00          35.29
          21.96           6.27           1.25         100.00           34.9
          22.09           6.37           1.27         100.00          34.51
          22.21           6.47           1.29         100.00          34.12
          22.34           6.47           1.29         100.00          34.12
          22.46           6.57           1.31         100.00          33.73
          22.59           6.67           1.33         100.00          33.33
          22.71           6.76           1.35         100.00          32.94
          22.84           6.86           1.37         100.00          32.55
          22.96           6.86           1.37         100.00          32.55
          23.09           6.96           1.39         100.00          32.16
          23.21           7.06           1.41         100.00          31.76
          23.34           7.06           1.41         100.00          31.76
          23.46           7.25           1.45         100.00          30.98
          23.59           7.35           1.47         100.00          30.59
          23.71           7.35           1.47         100.00          30.59
          23.84           7.45           1.49         100.00           30.2
          23.96           7.55           1.51         100.00           29.8
          24.09           7.55           1.51         100.00           29.8
          24.21           7.75           1.55         100.00          29.02
          24.34           7.75           1.55         100.00          29.02
          24.46           7.84           1.57         100.00          28.63
          24.59           7.94           1.59         100.00          28.24
          24.71           8.04           1.61         100.00          27.84
          24.83           8.04           1.61         100.00          27.84
          24.96           8.24           1.65         100.00          27.06
          25.08           8.33           1.67         100.00          26.67
          25.21           8.33           1.67         100.00          26.67
          25.33           8.43           1.69         100.00          26.27
          25.46           8.53           1.71         100.00          25.88
          25.58           8.53           1.71         100.00          25.88
          25.71           8.63           1.73         100.00          25.49
          25.83           8.73           1.75         100.00           25.1
          25.96           8.82           1.76          99.91          24.71
          26.08           8.92           1.78          99.61          24.31
          26.21           9.02            1.8          99.30          23.92
          26.35           9.02            1.8          99.78          23.92
          26.47           9.12           1.82          99.47          23.53
          26.61           9.22           1.84          99.15          23.14
          26.75           9.31           1.86          98.82          22.75
          26.88           9.31           1.86          99.27          22.75
          27.00           9.41           1.88          98.93          22.35
          27.13           9.51            1.9          98.59          21.96
          27.25           9.61           1.92          98.24          21.57
          27.38           9.61           1.92          98.67          21.57
          27.50           9.80           1.96          97.51          20.78
          27.63           9.80           1.96          97.93          20.78
          27.75           9.90           1.98          97.55          20.39
          27.89          10.00            2.0          97.17           20.0
          28.03          10.10           2.02          96.78          19.61
          28.17          10.20           2.04          96.38          19.22
          28.31          10.29           2.06          95.97          18.82
          28.44          10.39           2.08          95.55          18.43
          28.56          10.39           2.08          95.92          18.43
          28.69          10.49            2.1          95.50          18.04
          28.81          10.59           2.12          95.07          17.65
          28.95          10.69           2.14          94.63          17.25
          29.08          10.69           2.14          94.97          17.25
          29.22          10.78           2.16          94.53          16.86
          29.38          10.98            2.2          93.28          16.08
          29.52          11.08           2.22          92.81          15.69
          29.66          11.08           2.22          93.12          15.69
          29.79          11.18           2.24          92.64          15.29
          29.93          11.37           2.27          91.36          14.51
          30.07          11.37           2.27          91.65          14.51
          30.20          11.47           2.29          91.15          14.12
          30.34          11.57           2.31          90.64          13.73
          30.48          11.67           2.33          90.13          13.33
          30.62          11.76           2.35          89.60          12.94
          30.76          11.76           2.35          89.86          12.94
          30.89          11.86           2.37          89.33          12.55
          31.01          11.96           2.39          88.78          12.16
          31.14          12.06           2.41          88.24          11.76
          31.28          12.06           2.41          88.47          11.76
          31.40          12.06           2.41          88.71          11.76
          31.54          12.16           2.43          88.15          11.37
          31.68          12.25           2.45          87.58          10.98
          31.81          12.35           2.47          87.01          10.59
          31.95          12.45           2.49          86.43           10.2
          32.07          12.55           2.51          85.84            9.8
          32.20          12.55           2.51          86.04            9.8
          32.32          12.65           2.53          85.44           9.41
          32.45          12.75           2.55          84.84           9.02
          32.57          12.75           2.55          85.02           9.02
          32.71          12.84           2.57          84.41           8.63
          32.84          12.94           2.59          83.79           8.24
          32.96          12.94           2.59          83.95           8.24
          33.10          13.04           2.61          83.33           7.84
          33.23          13.04           2.61          83.48           7.84
          33.35          13.14           2.63          82.85           7.45
          33.48          13.24           2.65          82.20           7.06
          33.60          13.24           2.65          82.35           7.06
          33.73          13.24           2.65          82.49           7.06
          33.85          13.33           2.67          81.84           6.67
          33.98          13.43           2.69          81.18           6.27
          34.10          13.43           2.69          81.30           6.27
          34.23          13.53           2.71          80.64           5.88
          34.35          13.53           2.71          80.75           5.88
          34.48          13.63           2.73          80.08           5.49
          34.60          13.73           2.75          79.40            5.1
          34.73          13.82           2.76          78.71           4.71
          34.85          13.82           2.76          78.80           4.71
          34.99          13.92           2.78          78.10           4.31
          35.14          13.92           2.78          78.19           4.31
          35.29          14.02            2.8          77.48           3.92
          35.43          14.12           2.82          76.77           3.53
          35.55          14.12           2.82          76.84           3.53
          35.68          14.22           2.84          76.12           3.14
          35.80          14.22           2.84          76.18           3.14
          35.93          14.31           2.86          75.45           2.75
          36.05          14.31           2.86          75.51           2.75
          36.18          14.41           2.88          74.77           2.35
          36.30          14.41           2.88          74.82           2.35
          36.43          14.41           2.88          74.86           2.35
          36.55          14.51            2.9          74.12           1.96
          36.68          14.61           2.92          73.36           1.57
          36.80          14.71           2.94          72.60           1.18
          36.92          14.71           2.94          72.63           1.18
          37.05          14.80           2.96          71.86           0.78
          37.17          14.80           2.96          71.87           0.78
          37.30          14.80           2.96          71.89           0.78
          37.42          14.90           2.98          71.11           0.39
          37.55          14.90           2.98          71.12           0.39
          37.67          14.90           2.98          71.13           0.39
          37.80          15.00            3.0          70.35            0.0
          37.92          15.00            3.0          70.35            0.0
          38.05          15.00            3.0          70.35            0.0
          38.17          15.10           3.02          69.55          -0.39
          38.31          15.10           3.02          69.55          -0.39
          38.44          15.10           3.02          69.54          -0.39
          38.56          15.10           3.02          69.53          -0.39
          38.69          15.20           3.04          68.73          -0.78
          38.81          15.20           3.04          68.71          -0.78
          38.94          15.20           3.04          68.70          -0.78
          39.06          15.29           3.06          67.89          -1.18
          39.19          15.29           3.06          67.87          -1.18
          39.31          15.29           3.06          67.84          -1.18
          39.44          15.39           3.08          67.03          -1.57
          39.56          15.39           3.08          67.00          -1.57
          39.68          15.39           3.08          66.96          -1.57
          39.81          15.49            3.1          66.14          -1.96
          39.93          15.49            3.1          66.10          -1.96
          40.06          15.49            3.1          66.06          -1.96
          40.18          15.59           3.12          65.23          -2.35
          40.32          15.59           3.12          65.18          -2.35
          40.45          15.59           3.12          65.14          -2.35
          40.57          15.69           3.14          64.30          -2.75
          40.71          15.69           3.14          64.24          -2.75
          40.84          15.78           3.16          63.40          -3.14
          40.98          15.78           3.16          63.33          -3.14
          41.11          15.78           3.16          63.27          -3.14
          41.23          15.78           3.16          63.21          -3.14
          41.36          15.78           3.16          63.15          -3.14
          41.48          15.88           3.18          62.29          -3.53
          41.61          15.88           3.18          62.22          -3.53
          41.73          15.88           3.18          62.15          -3.53
          41.86          15.98            3.2          61.29          -3.92
          41.98          15.98            3.2          61.21          -3.92
          42.10          15.98            3.2          61.13          -3.92
          42.23          15.98            3.2          61.05          -3.92
          42.35          16.08           3.22          60.18          -4.31
          42.49          16.08           3.22          60.09          -4.31
          42.62          16.08           3.22          60.01          -4.31
          42.74          16.08           3.22          59.92          -4.31
          42.87          16.08           3.22          59.84          -4.31
          42.99          16.18           3.24          58.96          -4.71
          43.12          16.18           3.24          58.86          -4.71
          43.24          16.18           3.24          58.77          -4.71
          43.37          16.18           3.24          58.67          -4.71
          43.49          16.18           3.24          58.58          -4.71
          43.62          16.18           3.24          58.49          -4.71
          43.76          16.27           3.25          57.60           -5.1
          43.90          16.27           3.25          57.50           -5.1
          44.04          16.27           3.25          57.40           -5.1
          44.16          16.27           3.25          57.29           -5.1
          44.29          16.27           3.25          57.19           -5.1
          44.43          16.27           3.25          57.09           -5.1
          44.57          16.27           3.25          56.99           -5.1
          44.71          16.37           3.27          56.09          -5.49
          44.85          16.37           3.27          55.98          -5.49
          44.97          16.37           3.27          55.87          -5.49
          45.11          16.37           3.27          55.76          -5.49
          45.24          16.37           3.27          55.65          -5.49
          45.36          16.37           3.27          55.55          -5.49
          45.49          16.47           3.29          54.64          -5.88
          45.61          16.47           3.29          54.53          -5.88
          45.74          16.47           3.29          54.41          -5.88
          45.86          16.47           3.29          54.29          -5.88
          45.99          16.47           3.29          54.17          -5.88
          46.11          16.47           3.29          54.05          -5.88
          46.24          16.47           3.29          53.94          -5.88
          46.36          16.47           3.29          53.82          -5.88
          46.49          16.47           3.29          53.70          -5.88
          46.61          16.47           3.29          53.58          -5.88
          46.74          16.47           3.29          53.47          -5.88
          46.86          16.57           3.31          52.56          -6.27
          46.98          16.57           3.31          52.43          -6.27
          47.11          16.57           3.31          52.31          -6.27
          47.23          16.57           3.31          52.18          -6.27
          47.36          16.57           3.31          52.05          -6.27
          47.48          16.57           3.31          51.93          -6.27
          47.61          16.57           3.31          51.80          -6.27
          47.73          16.57           3.31          51.68          -6.27
          47.86          16.57           3.31          51.55          -6.27
          47.98          16.57           3.31          51.43          -6.27
          48.11          16.57           3.31          51.30          -6.27
          48.23          16.57           3.31          51.18          -6.27
          48.36          16.57           3.31          51.05          -6.27
          48.48          16.57           3.31          50.93          -6.27
          48.61          16.57           3.31          50.80          -6.27
          48.73          16.57           3.31          50.67          -6.27
          48.86          16.57           3.31          50.55          -6.27
          48.98          16.57           3.31          50.42          -6.27
          49.11          16.57           3.31          50.30          -6.27
          49.23          16.57           3.31          50.17          -6.27
          49.36          16.57           3.31          50.05          -6.27
          49.48          16.57           3.31          49.92          -6.27
          49.61          16.57           3.31          49.80          -6.27
          49.73          16.57           3.31          49.67          -6.27
          49.86          16.57           3.31          49.55          -6.27
          49.98          16.57           3.31          49.42          -6.27
          50.11          16.57           3.31          49.29          -6.27
          50.23          16.57           3.31          49.17          -6.27
          50.36          16.57           3.31          49.04          -6.27
          50.48          16.57           3.31          48.92          -6.27
          50.61          16.57           3.31          48.79          -6.27
          50.73          16.57           3.31          48.67          -6.27
          50.86          16.57           3.31          48.54          -6.27
          50.98          16.57           3.31          48.42          -6.27
          51.12          16.57           3.31          48.29          -6.27
          51.26          16.57           3.31          48.16          -6.27
          51.38          16.57           3.31          48.04          -6.27
          51.53          16.57           3.31          47.91          -6.27
          51.66          16.57           3.31          47.79          -6.27
          51.79          16.57           3.31          47.66          -6.27
          51.93          16.57           3.31          47.54          -6.27
          52.05          16.57           3.31          47.41          -6.27
          52.18          16.57           3.31          47.29          -6.27
          52.30          16.57           3.31          47.16          -6.27
          52.45          16.57           3.31          47.04          -6.27
          52.57          16.57           3.31          46.91          -6.27
          52.71          16.47           3.29          47.58          -5.88
          52.85          16.47           3.29          47.46          -5.88
          52.98          16.47           3.29          47.34          -5.88
          53.12          16.47           3.29          47.22          -5.88
          53.24          16.47           3.29          47.11          -5.88
          53.37          16.47           3.29          46.99          -5.88
          53.49          16.47           3.29          46.87          -5.88
          53.62          16.47           3.29          46.75          -5.88
          53.74          16.47           3.29          46.64          -5.88
          53.87          16.37           3.27          47.31          -5.49
          53.99          16.37           3.27          47.20          -5.49
          54.11          16.37           3.27          47.09          -5.49
          54.24          16.37           3.27          46.98          -5.49
          54.36          16.37           3.27          46.87          -5.49
          54.49          16.37           3.27          46.76          -5.49
          54.61          16.37           3.27          46.65          -5.49
          54.74          16.37           3.27          46.54          -5.49
          54.86          16.27           3.25          47.22           -5.1
          54.99          16.27           3.25          47.12           -5.1
          55.11          16.27           3.25          47.02           -5.1
          55.24          16.27           3.25          46.92           -5.1
          55.36          16.27           3.25          46.82           -5.1
          55.49          16.27           3.25          46.71           -5.1
          55.61          16.27           3.25          46.61           -5.1
          55.74          16.27           3.25          46.51           -5.1
          55.86          16.27           3.25          46.41           -5.1
          55.99          16.18           3.24          47.10          -4.71
          56.13          16.18           3.24          47.00          -4.71
          56.25          16.18           3.24          46.91          -4.71
          56.38          16.18           3.24          46.82          -4.71
          56.50          16.18           3.24          46.72          -4.71
          56.63          16.18           3.24          46.63          -4.71
          56.75          16.18           3.24          46.53          -4.71
          56.88          16.18           3.24          46.44          -4.71
          57.02          16.08           3.22          47.14          -4.31
          57.17          16.08           3.22          47.05          -4.31
          57.30          16.08           3.22          46.96          -4.31
          57.44          16.08           3.22          46.88          -4.31
          57.56          16.08           3.22          46.79          -4.31
          57.69          16.08           3.22          46.71          -4.31
          57.81          16.08           3.22          46.62          -4.31
          57.94          15.98            3.2          47.33          -3.92
          58.08          15.98            3.2          47.25          -3.92
          58.20          15.98            3.2          47.17          -3.92
          58.33          15.98            3.2          47.09          -3.92
          58.45          15.98            3.2          47.01          -3.92
          58.58          15.98            3.2          46.93          -3.92
          58.70          15.98            3.2          46.85          -3.92
          58.83          15.88           3.18          47.57          -3.53
          58.95          15.88           3.18          47.50          -3.53
          59.07          15.88           3.18          47.43          -3.53
          59.20          15.88           3.18          47.36          -3.53
          59.32          15.88           3.18          47.29          -3.53
          59.45          15.88           3.18          47.22          -3.53
          59.57          15.88           3.18          47.15          -3.53
          59.70          15.78           3.16          47.87          -3.14
          59.82          15.78           3.16          47.80          -3.14
          59.95          15.78           3.16          47.74          -3.14
          60.07          15.78           3.16          47.68          -3.14
          60.20          15.78           3.16          47.62          -3.14
          60.32          15.78           3.16          47.55          -3.14
          60.45          15.78           3.16          47.49          -3.14
          60.57          15.69           3.14          48.22          -2.75
          60.71          15.69           3.14          48.16          -2.75
          60.84          15.69           3.14          48.11          -2.75
          60.96          15.69           3.14          48.05          -2.75
          61.11          15.69           3.14          48.00          -2.75
          61.25          15.69           3.14          47.95          -2.75
          61.37          15.59           3.12          48.68          -2.35
          61.49          15.59           3.12          48.64          -2.35
          61.62          15.59           3.12          48.59          -2.35
          61.74          15.59           3.12          48.54          -2.35
          61.87          15.59           3.12          48.49          -2.35
          62.01          15.59           3.12          48.45          -2.35
          62.15          15.59           3.12          48.40          -2.35
          62.29          15.49            3.1          49.15          -1.96
          62.46          15.49            3.1          49.11          -1.96
          62.59          15.49            3.1          49.07          -1.96
          62.71          15.49            3.1          49.03          -1.96
          62.85          15.49            3.1          48.99          -1.96
          62.99          15.49            3.1          48.95          -1.96
          63.12          15.49            3.1          48.91          -1.96
          63.24          15.39           3.08          49.66          -1.57
          63.37          15.39           3.08          49.63          -1.57
          63.49          15.39           3.08          49.60          -1.57
          63.62          15.39           3.08          49.57          -1.57
          63.74          15.39           3.08          49.54          -1.57
          63.86          15.39           3.08          49.51          -1.57
          63.99          15.39           3.08          49.47          -1.57
          64.11          15.29           3.06          50.24          -1.18
          64.24          15.29           3.06          50.21          -1.18
          64.36          15.29           3.06          50.19          -1.18
          64.49          15.29           3.06          50.16          -1.18
          64.61          15.29           3.06          50.14          -1.18
          64.74          15.29           3.06          50.12          -1.18
          64.86          15.29           3.06          50.09          -1.18
          64.99          15.29           3.06          50.07          -1.18
          65.11          15.20           3.04          50.84          -0.78
          65.24          15.20           3.04          50.82          -0.78
          65.36          15.20           3.04          50.81          -0.78
          65.49          15.20           3.04          50.79          -0.78
          65.61          15.20           3.04          50.78          -0.78
          65.77          15.20           3.04          50.76          -0.78
          65.89          15.20           3.04          50.75          -0.78
          66.04          15.20           3.04          50.73          -0.78
          66.16          15.20           3.04          50.71          -0.78
          66.32          15.20           3.04          50.70          -0.78
          66.48          15.10           3.02          51.47          -0.39
          66.61          15.10           3.02          51.47          -0.39
          66.73          15.10           3.02          51.46          -0.39
          66.86          15.10           3.02          51.45          -0.39
          66.98          15.10           3.02          51.44          -0.39
          67.11          15.00            3.0          52.23            0.0
          67.25          15.00            3.0          52.23            0.0
          67.38          15.00            3.0          52.23            0.0
          67.50          15.00            3.0          52.23            0.0
          67.63          15.00            3.0          52.23            0.0
          67.75          15.00            3.0          52.23            0.0
          67.88          15.00            3.0          52.23            0.0
          68.00          15.00            3.0          52.23            0.0
          68.13          15.00            3.0          52.23            0.0
          68.25          15.00            3.0          52.23            0.0
          68.38          15.00            3.0          52.23            0.0
          68.50          15.00            3.0          52.23            0.0
          68.64          15.00            3.0          52.23            0.0
          68.77          14.90           2.98          53.02           0.39
          68.89          14.90           2.98          53.03           0.39
          69.01          14.90           2.98          53.04           0.39
          69.14          14.90           2.98          53.04           0.39
          69.26          14.90           2.98          53.05           0.39
          69.39          14.90           2.98          53.06           0.39
          69.51          14.90           2.98          53.07           0.39
          69.64          14.90           2.98          53.07           0.39
          69.76          14.80           2.96          53.87           0.78
          69.89          14.80           2.96          53.89           0.78
          70.01          14.80           2.96          53.91           0.78
          70.15          14.80           2.96          53.92           0.78
          70.29          14.80           2.96          53.94           0.78
          70.43          14.80           2.96          53.95           0.78
          70.57          14.71           2.94          54.76           1.18
          70.70          14.71           2.94          54.78           1.18
          70.84          14.71           2.94          54.81           1.18
          70.96          14.71           2.94          54.83           1.18
          71.11          14.71           2.94          54.85           1.18
          71.23          14.71           2.94          54.88           1.18
          71.35          14.71           2.94          54.90           1.18
          71.48          14.71           2.94          54.93           1.18
          71.60          14.61           2.92          55.74           1.57
          71.73          14.61           2.92          55.77           1.57
          71.85          14.61           2.92          55.80           1.57
          71.98          14.61           2.92          55.84           1.57
          72.10          14.61           2.92          55.87           1.57
          72.24          14.61           2.92          55.90           1.57
          72.37          14.61           2.92          55.93           1.57
          72.51          14.51            2.9          56.75           1.96
          72.63          14.51            2.9          56.79           1.96
          72.77          14.51            2.9          56.83           1.96
          72.90          14.51            2.9          56.87           1.96
          73.02          14.51            2.9          56.91           1.96
          73.15          14.41           2.88          57.74           2.35
          73.27          14.41           2.88          57.79           2.35
          73.40          14.41           2.88          57.84           2.35
          73.52          14.41           2.88          57.88           2.35
          73.65          14.41           2.88          57.93           2.35
          73.79          14.41           2.88          57.98           2.35
          73.93          14.41           2.88          58.02           2.35
          74.08          14.31           2.86          58.86           2.75
          74.22          14.31           2.86          58.92           2.75
          74.36          14.31           2.86          58.97           2.75
          74.50          14.31           2.86          59.03           2.75
          74.64          14.31           2.86          59.08           2.75
          74.77          14.31           2.86          59.14           2.75
          74.89          14.31           2.86          59.19           2.75
          75.04          14.31           2.86          59.25           2.75
          75.16          14.31           2.86          59.30           2.75
          75.30          14.31           2.86          59.36           2.75
          75.44          14.22           2.84          60.20           3.14
          75.58          14.22           2.84          60.27           3.14
          75.71          14.22           2.84          60.33           3.14
          75.83          14.22           2.84          60.39           3.14
          75.95          14.22           2.84          60.45           3.14
          76.08          14.22           2.84          60.52           3.14
          76.20          14.22           2.84          60.58           3.14
          76.33          14.22           2.84          60.64           3.14
          76.45          14.22           2.84          60.71           3.14
          76.58          14.22           2.84          60.77           3.14
          76.70          14.22           2.84          60.83           3.14
          76.83          14.22           2.84          60.89           3.14
          76.95          14.22           2.84          60.96           3.14
          77.08          14.22           2.84          61.02           3.14
          77.20          14.22           2.84          61.08           3.14
          77.33          14.22           2.84          61.15           3.14
          77.45          14.12           2.82          62.00           3.53
          77.58          14.12           2.82          62.07           3.53
          77.70          14.12           2.82          62.14           3.53
          77.83          14.12           2.82          62.21           3.53
          77.95          14.12           2.82          62.28           3.53
          78.08          14.12           2.82          62.35           3.53
          78.20          14.12           2.82          62.42           3.53
          78.33          14.12           2.82          62.49           3.53
          78.45          14.12           2.82          62.56           3.53
          78.57          14.12           2.82          62.64           3.53
          78.71          14.12           2.82          62.71           3.53
          78.84          14.12           2.82          62.78           3.53
          78.96          14.12           2.82          62.85           3.53
          79.09          14.12           2.82          62.92           3.53
          79.21          14.12           2.82          62.99           3.53
          79.34          14.12           2.82          63.06           3.53
          79.46          14.12           2.82          63.13           3.53
          79.59          14.12           2.82          63.20           3.53
          79.71          14.12           2.82          63.27           3.53
          79.84          14.12           2.82          63.34           3.53
          79.96          14.12           2.82          63.41           3.53
          80.09          14.12           2.82          63.48           3.53
          80.21          14.12           2.82          63.55           3.53
          80.34          14.12           2.82          63.62           3.53
          80.46          14.12           2.82          63.69           3.53
          80.59          14.12           2.82          63.76           3.53
          80.71          14.12           2.82          63.84           3.53
          80.84          14.12           2.82          63.91           3.53
          80.96          14.12           2.82          63.98           3.53
          81.09          14.12           2.82          64.05           3.53
          81.21          14.12           2.82          64.12           3.53
          81.34          14.12           2.82          64.19           3.53
          81.46          14.12           2.82          64.26           3.53
          81.59          14.12           2.82          64.33           3.53
          81.71          14.12           2.82          64.40           3.53
          81.84          14.12           2.82          64.47           3.53
          81.96          14.12           2.82          64.54           3.53
          82.09          14.12           2.82          64.61           3.53
          82.21          14.12           2.82          64.68           3.53
          82.34          14.12           2.82          64.75           3.53
          82.46          14.12           2.82          64.82           3.53
          82.59          14.12           2.82          64.89           3.53
          82.71          14.12           2.82          64.96           3.53
          82.84          14.12           2.82          65.04           3.53
          82.96          14.12           2.82          65.11           3.53
          83.09          14.12           2.82          65.18           3.53
          83.21          14.12           2.82          65.25           3.53
          83.33          14.12           2.82          65.32           3.53
          83.46          14.12           2.82          65.39           3.53
          83.58          14.12           2.82          65.46           3.53
          83.71          14.12           2.82          65.53           3.53
          83.83          14.12           2.82          65.60           3.53
          83.97          14.12           2.82          65.67           3.53
          84.11          14.12           2.82          65.74           3.53
          84.25          14.12           2.82          65.81           3.53
          84.39          14.12           2.82          65.88           3.53
          84.54          14.12           2.82          65.95           3.53
          84.66          14.12           2.82          66.02           3.53
          84.79          14.12           2.82          66.09           3.53
          84.91          14.12           2.82          66.16           3.53
          85.05          14.12           2.82          66.24           3.53
